,TxPower_dBm,NodeCount,Throughput_Mbps,Latency_ms,Jitter_ms,Loss_pct,signal_dBm,noise_dBm
TxPower_dBm,1.0,-0.06565321642986133,0.43747287034911475,0.16532348657097487,0.3674760970505761,-0.13629077548585322,0.968012176185354,0.6196692420801253
NodeCount,-0.06565321642986133,1.0,-0.6867361644084985,-0.25279536530831426,-0.7489686496791796,0.9051432085269989,-0.25741087094225573,-0.43203622061549757
Throughput_Mbps,0.43747287034911475,-0.6867361644084985,1.0,0.5630385193437404,0.7953877993139398,-0.6690625936040467,0.5801690831551908,0.3780855912819961
Latency_ms,0.16532348657097487,-0.25279536530831426,0.5630385193437404,1.0,0.782496924665222,-0.2916832737470594,0.2815928590107274,0.3707625444692311
Jitter_ms,0.3674760970505761,-0.7489686496791796,0.7953877993139398,0.782496924665222,1.0,-0.7052152475024933,0.5316215611269883,0.6174936354237517
Loss_pct,-0.13629077548585322,0.9051432085269989,-0.6690625936040467,-0.2916832737470594,-0.7052152475024933,1.0,-0.36794172882382026,-0.6543104168829758
signal_dBm,0.968012176185354,-0.25741087094225573,0.5801690831551908,0.2815928590107274,0.5316215611269883,-0.36794172882382026,1.0,0.7577347923720354
noise_dBm,0.6196692420801253,-0.43203622061549757,0.3780855912819961,0.3707625444692311,0.6174936354237517,-0.6543104168829758,0.7577347923720354,1.0
